0.209752 0.169062
0.160104 0.190186
0.17048 0.191011
0.161867 0.111339
0.188379 0.155126
0.155035 0.0835798
0.17886 0.170226
0.139611 0.120509
0.101838 0.220112
0.196831 0.178135
0.325279 0.33839
0.328114 0.391632
0.343314 0.423551
0.330521 0.372596
0.363567 0.370171
0.37293 0.408318
0.304399 0.379603
0.30082 0.343128
0.355213 0.351034
0.304552 0.350087
0.613817 0.271224
0.637982 0.264717
0.552944 0.308916
0.541438 0.326799
0.678436 0.322924
0.558922 0.24852
0.542668 0.319248
0.605821 0.319895
0.475115 0.333711
0.59565 0.28276
0.46616 0.118199
0.398388 0.0929163
0.463066 0.186261
0.449366 0.108774
0.407354 0.102593
0.412674 0.17253
0.448476 0.0487422
0.426544 0.171672
0.359081 0.154356
0.37308 0.179805
